(kicad_pcb (version 20171130) (host pcbnew "(5.1.5)-3")

  (general
    (thickness 1.6)
    (drawings 7)
    (tracks 591)
    (zones 0)
    (modules 48)
    (nets 37)
  )

  (page A4)
  (layers
    (0 F.Cu signal)
    (31 B.Cu signal)
    (32 B.Adhes user)
    (33 F.Adhes user)
    (34 B.Paste user)
    (35 F.Paste user)
    (36 B.SilkS user)
    (37 F.SilkS user)
    (38 B.Mask user)
    (39 F.Mask user)
    (40 Dwgs.User user)
    (41 Cmts.User user)
    (42 Eco1.User user)
    (43 Eco2.User user)
    (44 Edge.Cuts user)
    (45 Margin user)
    (46 B.CrtYd user)
    (47 F.CrtYd user)
    (48 B.Fab user)
    (49 F.Fab user)
  )

  (setup
    (last_trace_width 0.25)
    (user_trace_width 0.5)
    (user_trace_width 1)
    (trace_clearance 0.2)
    (zone_clearance 0.508)
    (zone_45_only no)
    (trace_min 0.2)
    (via_size 0.8)
    (via_drill 0.4)
    (via_min_size 0.4)
    (via_min_drill 0.3)
    (uvia_size 0.3)
    (uvia_drill 0.1)
    (uvias_allowed no)
    (uvia_min_size 0.2)
    (uvia_min_drill 0.1)
    (edge_width 0.05)
    (segment_width 0.2)
    (pcb_text_width 0.3)
    (pcb_text_size 1.5 1.5)
    (mod_edge_width 0.12)
    (mod_text_size 1 1)
    (mod_text_width 0.15)
    (pad_size 1.524 1.524)
    (pad_drill 0.762)
    (pad_to_mask_clearance 0.051)
    (solder_mask_min_width 0.25)
    (aux_axis_origin 0 0)
    (visible_elements 7FFFFFFF)
    (pcbplotparams
      (layerselection 0x010f0_ffffffff)
      (usegerberextensions true)
      (usegerberattributes false)
      (usegerberadvancedattributes false)
      (creategerberjobfile false)
      (excludeedgelayer true)
      (linewidth 0.100000)
      (plotframeref false)
      (viasonmask false)
      (mode 1)
      (useauxorigin false)
      (hpglpennumber 1)
      (hpglpenspeed 20)
      (hpglpendiameter 15.000000)
      (psnegative false)
      (psa4output false)
      (plotreference true)
      (plotvalue true)
      (plotinvisibletext false)
      (padsonsilk false)
      (subtractmaskfromsilk false)
      (outputformat 1)
      (mirror false)
      (drillshape 0)
      (scaleselection 1)
      (outputdirectory "./20200906"))
  )

  (net 0 "")
  (net 1 MOTOR_A)
  (net 2 VB1)
  (net 3 VB2)
  (net 4 MOTOR_B)
  (net 5 VCC)
  (net 6 GND)
  (net 7 MOTOR_C)
  (net 8 VB3)
  (net 9 +BATT)
  (net 10 +3V3)
  (net 11 MUX_C)
  (net 12 MUX_B)
  (net 13 MUX_A)
  (net 14 COM_ALL)
  (net 15 CLOCK)
  (net 16 DATA)
  (net 17 LIN3)
  (net 18 HIN3)
  (net 19 LIN2)
  (net 20 HIN2)
  (net 21 LIN1)
  (net 22 HIN1)
  (net 23 "Net-(IC1-Pad23)")
  (net 24 INPUT)
  (net 25 "Net-(Q1-Pad4)")
  (net 26 "Net-(Q2-Pad4)")
  (net 27 "Net-(Q3-Pad4)")
  (net 28 "Net-(Q4-Pad4)")
  (net 29 "Net-(Q5-Pad4)")
  (net 30 "Net-(Q6-Pad4)")
  (net 31 LO1)
  (net 32 HO1)
  (net 33 LO2)
  (net 34 HO2)
  (net 35 LO3)
  (net 36 HO3)

  (net_class Default "これはデフォルトのネット クラスです。"
    (clearance 0.2)
    (trace_width 0.25)
    (via_dia 0.8)
    (via_drill 0.4)
    (uvia_dia 0.3)
    (uvia_drill 0.1)
    (add_net +3V3)
    (add_net +BATT)
    (add_net CLOCK)
    (add_net COM_ALL)
    (add_net DATA)
    (add_net GND)
    (add_net HIN1)
    (add_net HIN2)
    (add_net HIN3)
    (add_net HO1)
    (add_net HO2)
    (add_net HO3)
    (add_net INPUT)
    (add_net LIN1)
    (add_net LIN2)
    (add_net LIN3)
    (add_net LO1)
    (add_net LO2)
    (add_net LO3)
    (add_net MOTOR_A)
    (add_net MOTOR_B)
    (add_net MOTOR_C)
    (add_net MUX_A)
    (add_net MUX_B)
    (add_net MUX_C)
    (add_net "Net-(IC1-Pad23)")
    (add_net "Net-(Q1-Pad4)")
    (add_net "Net-(Q2-Pad4)")
    (add_net "Net-(Q3-Pad4)")
    (add_net "Net-(Q4-Pad4)")
    (add_net "Net-(Q5-Pad4)")
    (add_net "Net-(Q6-Pad4)")
    (add_net VB1)
    (add_net VB2)
    (add_net VB3)
    (add_net VCC)
  )

  (module TPH1R403NLL1Q (layer B.Cu) (tedit 0) (tstamp 5F53F043)
    (at 65.659 74.676 270)
    (descr TPH1R403NL,L1Q-1)
    (tags "MOSFET (N-Channel)")
    (path /5F5EEF53)
    (attr smd)
    (fp_text reference Q6 (at 0 -0.362 90) (layer B.SilkS)
      (effects (font (size 1.27 1.27) (thickness 0.254)) (justify mirror))
    )
    (fp_text value TPH1R403NL,L1Q (at 0 -0.362 90) (layer B.SilkS) hide
      (effects (font (size 1.27 1.27) (thickness 0.254)) (justify mirror))
    )
    (fp_text user %R (at 0 -0.362 90) (layer B.Fab)
      (effects (font (size 1.27 1.27) (thickness 0.254)) (justify mirror))
    )
    (fp_line (start -2.5 2.5) (end 2.5 2.5) (layer B.Fab) (width 0.2))
    (fp_line (start 2.5 2.5) (end 2.5 -2.5) (layer B.Fab) (width 0.2))
    (fp_line (start 2.5 -2.5) (end -2.5 -2.5) (layer B.Fab) (width 0.2))
    (fp_line (start -2.5 -2.5) (end -2.5 2.5) (layer B.Fab) (width 0.2))
    (fp_line (start -3.5 4.375) (end 3.5 4.375) (layer B.CrtYd) (width 0.1))
    (fp_line (start 3.5 4.375) (end 3.5 -5.1) (layer B.CrtYd) (width 0.1))
    (fp_line (start 3.5 -5.1) (end -3.5 -5.1) (layer B.CrtYd) (width 0.1))
    (fp_line (start -3.5 -5.1) (end -3.5 4.375) (layer B.CrtYd) (width 0.1))
    (fp_line (start -2 -4) (end -2 -4) (layer B.SilkS) (width 0.1))
    (fp_line (start -2 -4.1) (end -2 -4.1) (layer B.SilkS) (width 0.1))
    (fp_arc (start -2 -4.05) (end -2 -4) (angle 180) (layer B.SilkS) (width 0.1))
    (fp_arc (start -2 -4.05) (end -2 -4.1) (angle 180) (layer B.SilkS) (width 0.1))
    (pad 1 smd rect (at -1.905 -2.85 270) (size 0.85 1.45) (layers B.Cu B.Paste B.Mask)
      (net 7 MOTOR_C))
    (pad 2 smd rect (at -0.635 -2.85 270) (size 0.85 1.45) (layers B.Cu B.Paste B.Mask)
      (net 7 MOTOR_C))
    (pad 3 smd rect (at 0.635 -2.85 270) (size 0.85 1.45) (layers B.Cu B.Paste B.Mask)
      (net 7 MOTOR_C))
    (pad 4 smd rect (at 1.905 -2.85 270) (size 0.85 1.45) (layers B.Cu B.Paste B.Mask)
      (net 30 "Net-(Q6-Pad4)"))
    (pad 5 smd rect (at 1.905 2.85 270) (size 0.85 1.05) (layers B.Cu B.Paste B.Mask)
      (net 9 +BATT))
    (pad 6 smd rect (at 0.635 2.85 270) (size 0.85 1.05) (layers B.Cu B.Paste B.Mask)
      (net 9 +BATT))
    (pad 7 smd rect (at -0.635 2.85 270) (size 0.85 1.05) (layers B.Cu B.Paste B.Mask)
      (net 9 +BATT))
    (pad 8 smd rect (at -1.905 2.85 270) (size 0.85 1.05) (layers B.Cu B.Paste B.Mask)
      (net 9 +BATT))
    (pad 9 smd rect (at 0 0.45 180) (size 3.75 4.7) (layers B.Cu B.Paste B.Mask))
    (model C:\SamacSys_PCB_Library\KiCad\SamacSys_Parts.3dshapes\TPH1R403NL,L1Q.stp
      (at (xyz 0 0 0))
      (scale (xyz 1 1 1))
      (rotate (xyz 0 0 0))
    )
  )

  (module Capacitor_THT:CP_Radial_D5.0mm_P2.50mm (layer B.Cu) (tedit 5AE50EF0) (tstamp 5F53EE78)
    (at 88.011 75.438 270)
    (descr "CP, Radial series, Radial, pin pitch=2.50mm, , diameter=5mm, Electrolytic Capacitor")
    (tags "CP Radial series Radial pin pitch 2.50mm  diameter 5mm Electrolytic Capacitor")
    (path /5FDB3654)
    (fp_text reference C5 (at 1.25 3.75 90) (layer B.SilkS)
      (effects (font (size 1 1) (thickness 0.15)) (justify mirror))
    )
    (fp_text value 10uF (at 1.25 -3.75 90) (layer B.Fab)
      (effects (font (size 1 1) (thickness 0.15)) (justify mirror))
    )
    (fp_text user %R (at 1.25 0 90) (layer B.Fab)
      (effects (font (size 1 1) (thickness 0.15)) (justify mirror))
    )
    (fp_line (start -1.304775 1.725) (end -1.304775 1.225) (layer B.SilkS) (width 0.12))
    (fp_line (start -1.554775 1.475) (end -1.054775 1.475) (layer B.SilkS) (width 0.12))
    (fp_line (start 3.851 0.284) (end 3.851 -0.284) (layer B.SilkS) (width 0.12))
    (fp_line (start 3.811 0.518) (end 3.811 -0.518) (layer B.SilkS) (width 0.12))
    (fp_line (start 3.771 0.677) (end 3.771 -0.677) (layer B.SilkS) (width 0.12))
    (fp_line (start 3.731 0.805) (end 3.731 -0.805) (layer B.SilkS) (width 0.12))
    (fp_line (start 3.691 0.915) (end 3.691 -0.915) (layer B.SilkS) (width 0.12))
    (fp_line (start 3.651 1.011) (end 3.651 -1.011) (layer B.SilkS) (width 0.12))
    (fp_line (start 3.611 1.098) (end 3.611 -1.098) (layer B.SilkS) (width 0.12))
    (fp_line (start 3.571 1.178) (end 3.571 -1.178) (layer B.SilkS) (width 0.12))
    (fp_line (start 3.531 -1.04) (end 3.531 -1.251) (layer B.SilkS) (width 0.12))
    (fp_line (start 3.531 1.251) (end 3.531 1.04) (layer B.SilkS) (width 0.12))
    (fp_line (start 3.491 -1.04) (end 3.491 -1.319) (layer B.SilkS) (width 0.12))
    (fp_line (start 3.491 1.319) (end 3.491 1.04) (layer B.SilkS) (width 0.12))
    (fp_line (start 3.451 -1.04) (end 3.451 -1.383) (layer B.SilkS) (width 0.12))
    (fp_line (start 3.451 1.383) (end 3.451 1.04) (layer B.SilkS) (width 0.12))
    (fp_line (start 3.411 -1.04) (end 3.411 -1.443) (layer B.SilkS) (width 0.12))
    (fp_line (start 3.411 1.443) (end 3.411 1.04) (layer B.SilkS) (width 0.12))
    (fp_line (start 3.371 -1.04) (end 3.371 -1.5) (layer B.SilkS) (width 0.12))
    (fp_line (start 3.371 1.5) (end 3.371 1.04) (layer B.SilkS) (width 0.12))
    (fp_line (start 3.331 -1.04) (end 3.331 -1.554) (layer B.SilkS) (width 0.12))
    (fp_line (start 3.331 1.554) (end 3.331 1.04) (layer B.SilkS) (width 0.12))
    (fp_line (start 3.291 -1.04) (end 3.291 -1.605) (layer B.SilkS) (width 0.12))
    (fp_line (start 3.291 1.605) (end 3.291 1.04) (layer B.SilkS) (width 0.12))
    (fp_line (start 3.251 -1.04) (end 3.251 -1.653) (layer B.SilkS) (width 0.12))
    (fp_line (start 3.251 1.653) (end 3.251 1.04) (layer B.SilkS) (width 0.12))
    (fp_line (start 3.211 -1.04) (end 3.211 -1.699) (layer B.SilkS) (width 0.12))
    (fp_line (start 3.211 1.699) (end 3.211 1.04) (layer B.SilkS) (width 0.12))
    (fp_line (start 3.171 -1.04) (end 3.171 -1.743) (layer B.SilkS) (width 0.12))
    (fp_line (start 3.171 1.743) (end 3.171 1.04) (layer B.SilkS) (width 0.12))
    (fp_line (start 3.131 -1.04) (end 3.131 -1.785) (layer B.SilkS) (width 0.12))
    (fp_line (start 3.131 1.785) (end 3.131 1.04) (layer B.SilkS) (width 0.12))
    (fp_line (start 3.091 -1.04) (end 3.091 -1.826) (layer B.SilkS) (width 0.12))
    (fp_line (start 3.091 1.826) (end 3.091 1.04) (layer B.SilkS) (width 0.12))
    (fp_line (start 3.051 -1.04) (end 3.051 -1.864) (layer B.SilkS) (width 0.12))
    (fp_line (start 3.051 1.864) (end 3.051 1.04) (layer B.SilkS) (width 0.12))
    (fp_line (start 3.011 -1.04) (end 3.011 -1.901) (layer B.SilkS) (width 0.12))
    (fp_line (start 3.011 1.901) (end 3.011 1.04) (layer B.SilkS) (width 0.12))
    (fp_line (start 2.971 -1.04) (end 2.971 -1.937) (layer B.SilkS) (width 0.12))
    (fp_line (start 2.971 1.937) (end 2.971 1.04) (layer B.SilkS) (width 0.12))
    (fp_line (start 2.931 -1.04) (end 2.931 -1.971) (layer B.SilkS) (width 0.12))
    (fp_line (start 2.931 1.971) (end 2.931 1.04) (layer B.SilkS) (width 0.12))
    (fp_line (start 2.891 -1.04) (end 2.891 -2.004) (layer B.SilkS) (width 0.12))
    (fp_line (start 2.891 2.004) (end 2.891 1.04) (layer B.SilkS) (width 0.12))
    (fp_line (start 2.851 -1.04) (end 2.851 -2.035) (layer B.SilkS) (width 0.12))
    (fp_line (start 2.851 2.035) (end 2.851 1.04) (layer B.SilkS) (width 0.12))
    (fp_line (start 2.811 -1.04) (end 2.811 -2.065) (layer B.SilkS) (width 0.12))
    (fp_line (start 2.811 2.065) (end 2.811 1.04) (layer B.SilkS) (width 0.12))
    (fp_line (start 2.771 -1.04) (end 2.771 -2.095) (layer B.SilkS) (width 0.12))
    (fp_line (start 2.771 2.095) (end 2.771 1.04) (layer B.SilkS) (width 0.12))
    (fp_line (start 2.731 -1.04) (end 2.731 -2.122) (layer B.SilkS) (width 0.12))
    (fp_line (start 2.731 2.122) (end 2.731 1.04) (layer B.SilkS) (width 0.12))
    (fp_line (start 2.691 -1.04) (end 2.691 -2.149) (layer B.SilkS) (width 0.12))
    (fp_line (start 2.691 2.149) (end 2.691 1.04) (layer B.SilkS) (width 0.12))
    (fp_line (start 2.651 -1.04) (end 2.651 -2.175) (layer B.SilkS) (width 0.12))
    (fp_line (start 2.651 2.175) (end 2.651 1.04) (layer B.SilkS) (width 0.12))
    (fp_line (start 2.611 -1.04) (end 2.611 -2.2) (layer B.SilkS) (width 0.12))
    (fp_line (start 2.611 2.2) (end 2.611 1.04) (layer B.SilkS) (width 0.12))
    (fp_line (start 2.571 -1.04) (end 2.571 -2.224) (layer B.SilkS) (width 0.12))
    (fp_line (start 2.571 2.224) (end 2.571 1.04) (layer B.SilkS) (width 0.12))
    (fp_line (start 2.531 -1.04) (end 2.531 -2.247) (layer B.SilkS) (width 0.12))
    (fp_line (start 2.531 2.247) (end 2.531 1.04) (layer B.SilkS) (width 0.12))
    (fp_line (start 2.491 -1.04) (end 2.491 -2.268) (layer B.SilkS) (width 0.12))
    (fp_line (start 2.491 2.268) (end 2.491 1.04) (layer B.SilkS) (width 0.12))
    (fp_line (start 2.451 -1.04) (end 2.451 -2.29) (layer B.SilkS) (width 0.12))
    (fp_line (start 2.451 2.29) (end 2.451 1.04) (layer B.SilkS) (width 0.12))
    (fp_line (start 2.411 -1.04) (end 2.411 -2.31) (layer B.SilkS) (width 0.12))
    (fp_line (start 2.411 2.31) (end 2.411 1.04) (layer B.SilkS) (width 0.12))
    (fp_line (start 2.371 -1.04) (end 2.371 -2.329) (layer B.SilkS) (width 0.12))
    (fp_line (start 2.371 2.329) (end 2.371 1.04) (layer B.SilkS) (width 0.12))
    (fp_line (start 2.331 -1.04) (end 2.331 -2.348) (layer B.SilkS) (width 0.12))
    (fp_line (start 2.331 2.348) (end 2.331 1.04) (layer B.SilkS) (width 0.12))
    (fp_line (start 2.291 -1.04) (end 2.291 -2.365) (layer B.SilkS) (width 0.12))
    (fp_line (start 2.291 2.365) (end 2.291 1.04) (layer B.SilkS) (width 0.12))
    (fp_line (start 2.251 -1.04) (end 2.251 -2.382) (layer B.SilkS) (width 0.12))
    (fp_line (start 2.251 2.382) (end 2.251 1.04) (layer B.SilkS) (width 0.12))
    (fp_line (start 2.211 -1.04) (end 2.211 -2.398) (layer B.SilkS) (width 0.12))
    (fp_line (start 2.211 2.398) (end 2.211 1.04) (layer B.SilkS) (width 0.12))
    (fp_line (start 2.171 -1.04) (end 2.171 -2.414) (layer B.SilkS) (width 0.12))
    (fp_line (start 2.171 2.414) (end 2.171 1.04) (layer B.SilkS) (width 0.12))
    (fp_line (start 2.131 -1.04) (end 2.131 -2.428) (layer B.SilkS) (width 0.12))
    (fp_line (start 2.131 2.428) (end 2.131 1.04) (layer B.SilkS) (width 0.12))
    (fp_line (start 2.091 -1.04) (end 2.091 -2.442) (layer B.SilkS) (width 0.12))
    (fp_line (start 2.091 2.442) (end 2.091 1.04) (layer B.SilkS) (width 0.12))
    (fp_line (start 2.051 -1.04) (end 2.051 -2.455) (layer B.SilkS) (width 0.12))
    (fp_line (start 2.051 2.455) (end 2.051 1.04) (layer B.SilkS) (width 0.12))
    (fp_line (start 2.011 -1.04) (end 2.011 -2.468) (layer B.SilkS) (width 0.12))
    (fp_line (start 2.011 2.468) (end 2.011 1.04) (layer B.SilkS) (width 0.12))
    (fp_line (start 1.971 -1.04) (end 1.971 -2.48) (layer B.SilkS) (width 0.12))
    (fp_line (start 1.971 2.48) (end 1.971 1.04) (layer B.SilkS) (width 0.12))
    (fp_line (start 1.93 -1.04) (end 1.93 -2.491) (layer B.SilkS) (width 0.12))
    (fp_line (start 1.93 2.491) (end 1.93 1.04) (layer B.SilkS) (width 0.12))
    (fp_line (start 1.89 -1.04) (end 1.89 -2.501) (layer B.SilkS) (width 0.12))
    (fp_line (start 1.89 2.501) (end 1.89 1.04) (layer B.SilkS) (width 0.12))
    (fp_line (start 1.85 -1.04) (end 1.85 -2.511) (layer B.SilkS) (width 0.12))
    (fp_line (start 1.85 2.511) (end 1.85 1.04) (layer B.SilkS) (width 0.12))
    (fp_line (start 1.81 -1.04) (end 1.81 -2.52) (layer B.SilkS) (width 0.12))
    (fp_line (start 1.81 2.52) (end 1.81 1.04) (layer B.SilkS) (width 0.12))
    (fp_line (start 1.77 -1.04) (end 1.77 -2.528) (layer B.SilkS) (width 0.12))
    (fp_line (start 1.77 2.528) (end 1.77 1.04) (layer B.SilkS) (width 0.12))
    (fp_line (start 1.73 -1.04) (end 1.73 -2.536) (layer B.SilkS) (width 0.12))
    (fp_line (start 1.73 2.536) (end 1.73 1.04) (layer B.SilkS) (width 0.12))
    (fp_line (start 1.69 -1.04) (end 1.69 -2.543) (layer B.SilkS) (width 0.12))
    (fp_line (start 1.69 2.543) (end 1.69 1.04) (layer B.SilkS) (width 0.12))
    (fp_line (start 1.65 -1.04) (end 1.65 -2.55) (layer B.SilkS) (width 0.12))
    (fp_line (start 1.65 2.55) (end 1.65 1.04) (layer B.SilkS) (width 0.12))
    (fp_line (start 1.61 -1.04) (end 1.61 -2.556) (layer B.SilkS) (width 0.12))
    (fp_line (start 1.61 2.556) (end 1.61 1.04) (layer B.SilkS) (width 0.12))
    (fp_line (start 1.57 -1.04) (end 1.57 -2.561) (layer B.SilkS) (width 0.12))
    (fp_line (start 1.57 2.561) (end 1.57 1.04) (layer B.SilkS) (width 0.12))
    (fp_line (start 1.53 -1.04) (end 1.53 -2.565) (layer B.SilkS) (width 0.12))
    (fp_line (start 1.53 2.565) (end 1.53 1.04) (layer B.SilkS) (width 0.12))
    (fp_line (start 1.49 -1.04) (end 1.49 -2.569) (layer B.SilkS) (width 0.12))
    (fp_line (start 1.49 2.569) (end 1.49 1.04) (layer B.SilkS) (width 0.12))
    (fp_line (start 1.45 2.573) (end 1.45 -2.573) (layer B.SilkS) (width 0.12))
    (fp_line (start 1.41 2.576) (end 1.41 -2.576) (layer B.SilkS) (width 0.12))
    (fp_line (start 1.37 2.578) (end 1.37 -2.578) (layer B.SilkS) (width 0.12))
    (fp_line (start 1.33 2.579) (end 1.33 -2.579) (layer B.SilkS) (width 0.12))
    (fp_line (start 1.29 2.58) (end 1.29 -2.58) (layer B.SilkS) (width 0.12))
    (fp_line (start 1.25 2.58) (end 1.25 -2.58) (layer B.SilkS) (width 0.12))
    (fp_line (start -0.633605 1.3375) (end -0.633605 0.8375) (layer B.Fab) (width 0.1))
    (fp_line (start -0.883605 1.0875) (end -0.383605 1.0875) (layer B.Fab) (width 0.1))
    (fp_circle (center 1.25 0) (end 4 0) (layer B.CrtYd) (width 0.05))
    (fp_circle (center 1.25 0) (end 3.87 0) (layer B.SilkS) (width 0.12))
    (fp_circle (center 1.25 0) (end 3.75 0) (layer B.Fab) (width 0.1))
    (pad 2 thru_hole circle (at 2.5 0 270) (size 1.6 1.6) (drill 0.8) (layers *.Cu *.Mask)
      (net 6 GND))
    (pad 1 thru_hole rect (at 0 0 270) (size 1.6 1.6) (drill 0.8) (layers *.Cu *.Mask)
      (net 9 +BATT))
    (model ${KISYS3DMOD}/Capacitor_THT.3dshapes/CP_Radial_D5.0mm_P2.50mm.wrl
      (at (xyz 0 0 0))
      (scale (xyz 1 1 1))
      (rotate (xyz 0 0 0))
    )
  )

  (module Capacitor_SMD:C_0603_1608Metric (layer B.Cu) (tedit 5B301BBE) (tstamp 5F53EE34)
    (at 81.534 70.993 90)
    (descr "Capacitor SMD 0603 (1608 Metric), square (rectangular) end terminal, IPC_7351 nominal, (Body size source: http://www.tortai-tech.com/upload/download/2011102023233369053.pdf), generated with kicad-footprint-generator")
    (tags capacitor)
    (path /5F69C0ED)
    (attr smd)
    (fp_text reference C1 (at 0 1.43 90) (layer B.SilkS)
      (effects (font (size 1 1) (thickness 0.15)) (justify mirror))
    )
    (fp_text value 1uF (at 0 -1.43 90) (layer B.Fab)
      (effects (font (size 1 1) (thickness 0.15)) (justify mirror))
    )
    (fp_line (start -0.8 -0.4) (end -0.8 0.4) (layer B.Fab) (width 0.1))
    (fp_line (start -0.8 0.4) (end 0.8 0.4) (layer B.Fab) (width 0.1))
    (fp_line (start 0.8 0.4) (end 0.8 -0.4) (layer B.Fab) (width 0.1))
    (fp_line (start 0.8 -0.4) (end -0.8 -0.4) (layer B.Fab) (width 0.1))
    (fp_line (start -0.162779 0.51) (end 0.162779 0.51) (layer B.SilkS) (width 0.12))
    (fp_line (start -0.162779 -0.51) (end 0.162779 -0.51) (layer B.SilkS) (width 0.12))
    (fp_line (start -1.48 -0.73) (end -1.48 0.73) (layer B.CrtYd) (width 0.05))
    (fp_line (start -1.48 0.73) (end 1.48 0.73) (layer B.CrtYd) (width 0.05))
    (fp_line (start 1.48 0.73) (end 1.48 -0.73) (layer B.CrtYd) (width 0.05))
    (fp_line (start 1.48 -0.73) (end -1.48 -0.73) (layer B.CrtYd) (width 0.05))
    (fp_text user %R (at -0.1905 -0.0635 90) (layer B.Fab)
      (effects (font (size 0.4 0.4) (thickness 0.06)) (justify mirror))
    )
    (pad 1 smd roundrect (at -0.7875 0 90) (size 0.875 0.95) (layers B.Cu B.Paste B.Mask) (roundrect_rratio 0.25)
      (net 2 VB1))
    (pad 2 smd roundrect (at 0.7875 0 90) (size 0.875 0.95) (layers B.Cu B.Paste B.Mask) (roundrect_rratio 0.25)
      (net 1 MOTOR_A))
    (model ${KISYS3DMOD}/Capacitor_SMD.3dshapes/C_0603_1608Metric.wrl
      (at (xyz 0 0 0))
      (scale (xyz 1 1 1))
      (rotate (xyz 0 0 0))
    )
  )

  (module Capacitor_SMD:C_0603_1608Metric (layer B.Cu) (tedit 5B301BBE) (tstamp 5F53EE45)
    (at 78.359 70.9675 90)
    (descr "Capacitor SMD 0603 (1608 Metric), square (rectangular) end terminal, IPC_7351 nominal, (Body size source: http://www.tortai-tech.com/upload/download/2011102023233369053.pdf), generated with kicad-footprint-generator")
    (tags capacitor)
    (path /5F6A8FAB)
    (attr smd)
    (fp_text reference C2 (at 0 1.43 90) (layer B.SilkS)
      (effects (font (size 1 1) (thickness 0.15)) (justify mirror))
    )
    (fp_text value 1uF (at 0 -1.43 90) (layer B.Fab)
      (effects (font (size 1 1) (thickness 0.15)) (justify mirror))
    )
    (fp_text user %R (at 0 0 90) (layer B.Fab)
      (effects (font (size 0.4 0.4) (thickness 0.06)) (justify mirror))
    )
    (fp_line (start 1.48 -0.73) (end -1.48 -0.73) (layer B.CrtYd) (width 0.05))
    (fp_line (start 1.48 0.73) (end 1.48 -0.73) (layer B.CrtYd) (width 0.05))
    (fp_line (start -1.48 0.73) (end 1.48 0.73) (layer B.CrtYd) (width 0.05))
    (fp_line (start -1.48 -0.73) (end -1.48 0.73) (layer B.CrtYd) (width 0.05))
    (fp_line (start -0.162779 -0.51) (end 0.162779 -0.51) (layer B.SilkS) (width 0.12))
    (fp_line (start -0.162779 0.51) (end 0.162779 0.51) (layer B.SilkS) (width 0.12))
    (fp_line (start 0.8 -0.4) (end -0.8 -0.4) (layer B.Fab) (width 0.1))
    (fp_line (start 0.8 0.4) (end 0.8 -0.4) (layer B.Fab) (width 0.1))
    (fp_line (start -0.8 0.4) (end 0.8 0.4) (layer B.Fab) (width 0.1))
    (fp_line (start -0.8 -0.4) (end -0.8 0.4) (layer B.Fab) (width 0.1))
    (pad 2 smd roundrect (at 0.7875 0 90) (size 0.875 0.95) (layers B.Cu B.Paste B.Mask) (roundrect_rratio 0.25)
      (net 4 MOTOR_B))
    (pad 1 smd roundrect (at -0.7875 0 90) (size 0.875 0.95) (layers B.Cu B.Paste B.Mask) (roundrect_rratio 0.25)
      (net 3 VB2))
    (model ${KISYS3DMOD}/Capacitor_SMD.3dshapes/C_0603_1608Metric.wrl
      (at (xyz 0 0 0))
      (scale (xyz 1 1 1))
      (rotate (xyz 0 0 0))
    )
  )

  (module Capacitor_SMD:C_0603_1608Metric (layer F.Cu) (tedit 5B301BBE) (tstamp 5F53EE56)
    (at 81.915 76.6825 270)
    (descr "Capacitor SMD 0603 (1608 Metric), square (rectangular) end terminal, IPC_7351 nominal, (Body size source: http://www.tortai-tech.com/upload/download/2011102023233369053.pdf), generated with kicad-footprint-generator")
    (tags capacitor)
    (path /5F66CF88)
    (attr smd)
    (fp_text reference C3 (at 0 -1.43 90) (layer F.SilkS)
      (effects (font (size 1 1) (thickness 0.15)))
    )
    (fp_text value 10uF (at 0 1.43 90) (layer F.Fab)
      (effects (font (size 1 1) (thickness 0.15)))
    )
    (fp_text user %R (at 0 0 90) (layer F.Fab)
      (effects (font (size 0.4 0.4) (thickness 0.06)))
    )
    (fp_line (start 1.48 0.73) (end -1.48 0.73) (layer F.CrtYd) (width 0.05))
    (fp_line (start 1.48 -0.73) (end 1.48 0.73) (layer F.CrtYd) (width 0.05))
    (fp_line (start -1.48 -0.73) (end 1.48 -0.73) (layer F.CrtYd) (width 0.05))
    (fp_line (start -1.48 0.73) (end -1.48 -0.73) (layer F.CrtYd) (width 0.05))
    (fp_line (start -0.162779 0.51) (end 0.162779 0.51) (layer F.SilkS) (width 0.12))
    (fp_line (start -0.162779 -0.51) (end 0.162779 -0.51) (layer F.SilkS) (width 0.12))
    (fp_line (start 0.8 0.4) (end -0.8 0.4) (layer F.Fab) (width 0.1))
    (fp_line (start 0.8 -0.4) (end 0.8 0.4) (layer F.Fab) (width 0.1))
    (fp_line (start -0.8 -0.4) (end 0.8 -0.4) (layer F.Fab) (width 0.1))
    (fp_line (start -0.8 0.4) (end -0.8 -0.4) (layer F.Fab) (width 0.1))
    (pad 2 smd roundrect (at 0.7875 0 270) (size 0.875 0.95) (layers F.Cu F.Paste F.Mask) (roundrect_rratio 0.25)
      (net 6 GND))
    (pad 1 smd roundrect (at -0.7875 0 270) (size 0.875 0.95) (layers F.Cu F.Paste F.Mask) (roundrect_rratio 0.25)
      (net 5 VCC))
    (model ${KISYS3DMOD}/Capacitor_SMD.3dshapes/C_0603_1608Metric.wrl
      (at (xyz 0 0 0))
      (scale (xyz 1 1 1))
      (rotate (xyz 0 0 0))
    )
  )

  (module Capacitor_SMD:C_0603_1608Metric (layer B.Cu) (tedit 5B301BBE) (tstamp 5F53EE67)
    (at 75.184 70.9675 90)
    (descr "Capacitor SMD 0603 (1608 Metric), square (rectangular) end terminal, IPC_7351 nominal, (Body size source: http://www.tortai-tech.com/upload/download/2011102023233369053.pdf), generated with kicad-footprint-generator")
    (tags capacitor)
    (path /5F6AFA1D)
    (attr smd)
    (fp_text reference C4 (at 0 1.43 90) (layer B.SilkS)
      (effects (font (size 1 1) (thickness 0.15)) (justify mirror))
    )
    (fp_text value 1uF (at 0 -1.43 90) (layer B.Fab)
      (effects (font (size 1 1) (thickness 0.15)) (justify mirror))
    )
    (fp_text user %R (at 0 0 90) (layer B.Fab)
      (effects (font (size 0.4 0.4) (thickness 0.06)) (justify mirror))
    )
    (fp_line (start 1.48 -0.73) (end -1.48 -0.73) (layer B.CrtYd) (width 0.05))
    (fp_line (start 1.48 0.73) (end 1.48 -0.73) (layer B.CrtYd) (width 0.05))
    (fp_line (start -1.48 0.73) (end 1.48 0.73) (layer B.CrtYd) (width 0.05))
    (fp_line (start -1.48 -0.73) (end -1.48 0.73) (layer B.CrtYd) (width 0.05))
    (fp_line (start -0.162779 -0.51) (end 0.162779 -0.51) (layer B.SilkS) (width 0.12))
    (fp_line (start -0.162779 0.51) (end 0.162779 0.51) (layer B.SilkS) (width 0.12))
    (fp_line (start 0.8 -0.4) (end -0.8 -0.4) (layer B.Fab) (width 0.1))
    (fp_line (start 0.8 0.4) (end 0.8 -0.4) (layer B.Fab) (width 0.1))
    (fp_line (start -0.8 0.4) (end 0.8 0.4) (layer B.Fab) (width 0.1))
    (fp_line (start -0.8 -0.4) (end -0.8 0.4) (layer B.Fab) (width 0.1))
    (pad 2 smd roundrect (at 0.7875 0 90) (size 0.875 0.95) (layers B.Cu B.Paste B.Mask) (roundrect_rratio 0.25)
      (net 7 MOTOR_C))
    (pad 1 smd roundrect (at -0.7875 0 90) (size 0.875 0.95) (layers B.Cu B.Paste B.Mask) (roundrect_rratio 0.25)
      (net 8 VB3))
    (model ${KISYS3DMOD}/Capacitor_SMD.3dshapes/C_0603_1608Metric.wrl
      (at (xyz 0 0 0))
      (scale (xyz 1 1 1))
      (rotate (xyz 0 0 0))
    )
  )

  (module Capacitor_SMD:C_0603_1608Metric locked (layer B.Cu) (tedit 5B301BBE) (tstamp 5F53EE89)
    (at 83.82 79.121 180)
    (descr "Capacitor SMD 0603 (1608 Metric), square (rectangular) end terminal, IPC_7351 nominal, (Body size source: http://www.tortai-tech.com/upload/download/2011102023233369053.pdf), generated with kicad-footprint-generator")
    (tags capacitor)
    (path /5FDA39C7)
    (attr smd)
    (fp_text reference C6 (at 0 1.43 180) (layer B.SilkS)
      (effects (font (size 1 1) (thickness 0.15)) (justify mirror))
    )
    (fp_text value 10uF (at 0 -1.43 180) (layer B.Fab)
      (effects (font (size 1 1) (thickness 0.15)) (justify mirror))
    )
    (fp_line (start -0.8 -0.4) (end -0.8 0.4) (layer B.Fab) (width 0.1))
    (fp_line (start -0.8 0.4) (end 0.8 0.4) (layer B.Fab) (width 0.1))
    (fp_line (start 0.8 0.4) (end 0.8 -0.4) (layer B.Fab) (width 0.1))
    (fp_line (start 0.8 -0.4) (end -0.8 -0.4) (layer B.Fab) (width 0.1))
    (fp_line (start -0.162779 0.51) (end 0.162779 0.51) (layer B.SilkS) (width 0.12))
    (fp_line (start -0.162779 -0.51) (end 0.162779 -0.51) (layer B.SilkS) (width 0.12))
    (fp_line (start -1.48 -0.73) (end -1.48 0.73) (layer B.CrtYd) (width 0.05))
    (fp_line (start -1.48 0.73) (end 1.48 0.73) (layer B.CrtYd) (width 0.05))
    (fp_line (start 1.48 0.73) (end 1.48 -0.73) (layer B.CrtYd) (width 0.05))
    (fp_line (start 1.48 -0.73) (end -1.48 -0.73) (layer B.CrtYd) (width 0.05))
    (fp_text user %R (at 0 0 180) (layer B.Fab)
      (effects (font (size 0.4 0.4) (thickness 0.06)) (justify mirror))
    )
    (pad 1 smd roundrect (at -0.7875 0 180) (size 0.875 0.95) (layers B.Cu B.Paste B.Mask) (roundrect_rratio 0.25)
      (net 5 VCC))
    (pad 2 smd roundrect (at 0.7875 0 180) (size 0.875 0.95) (layers B.Cu B.Paste B.Mask) (roundrect_rratio 0.25)
      (net 6 GND))
    (model ${KISYS3DMOD}/Capacitor_SMD.3dshapes/C_0603_1608Metric.wrl
      (at (xyz 0 0 0))
      (scale (xyz 1 1 1))
      (rotate (xyz 0 0 0))
    )
  )

  (module Capacitor_SMD:C_0603_1608Metric (layer F.Cu) (tedit 5B301BBE) (tstamp 5F53EE9A)
    (at 82.677 87.5285 270)
    (descr "Capacitor SMD 0603 (1608 Metric), square (rectangular) end terminal, IPC_7351 nominal, (Body size source: http://www.tortai-tech.com/upload/download/2011102023233369053.pdf), generated with kicad-footprint-generator")
    (tags capacitor)
    (path /5F9DBAFD)
    (attr smd)
    (fp_text reference C7 (at 0 -1.43 90) (layer F.SilkS)
      (effects (font (size 1 1) (thickness 0.15)))
    )
    (fp_text value 0.1uF (at 0 1.43 90) (layer F.Fab)
      (effects (font (size 1 1) (thickness 0.15)))
    )
    (fp_line (start -0.8 0.4) (end -0.8 -0.4) (layer F.Fab) (width 0.1))
    (fp_line (start -0.8 -0.4) (end 0.8 -0.4) (layer F.Fab) (width 0.1))
    (fp_line (start 0.8 -0.4) (end 0.8 0.4) (layer F.Fab) (width 0.1))
    (fp_line (start 0.8 0.4) (end -0.8 0.4) (layer F.Fab) (width 0.1))
    (fp_line (start -0.162779 -0.51) (end 0.162779 -0.51) (layer F.SilkS) (width 0.12))
    (fp_line (start -0.162779 0.51) (end 0.162779 0.51) (layer F.SilkS) (width 0.12))
    (fp_line (start -1.48 0.73) (end -1.48 -0.73) (layer F.CrtYd) (width 0.05))
    (fp_line (start -1.48 -0.73) (end 1.48 -0.73) (layer F.CrtYd) (width 0.05))
    (fp_line (start 1.48 -0.73) (end 1.48 0.73) (layer F.CrtYd) (width 0.05))
    (fp_line (start 1.48 0.73) (end -1.48 0.73) (layer F.CrtYd) (width 0.05))
    (fp_text user %R (at 0 0 90) (layer F.Fab)
      (effects (font (size 0.4 0.4) (thickness 0.06)))
    )
    (pad 1 smd roundrect (at -0.7875 0 270) (size 0.875 0.95) (layers F.Cu F.Paste F.Mask) (roundrect_rratio 0.25)
      (net 10 +3V3))
    (pad 2 smd roundrect (at 0.7875 0 270) (size 0.875 0.95) (layers F.Cu F.Paste F.Mask) (roundrect_rratio 0.25)
      (net 6 GND))
    (model ${KISYS3DMOD}/Capacitor_SMD.3dshapes/C_0603_1608Metric.wrl
      (at (xyz 0 0 0))
      (scale (xyz 1 1 1))
      (rotate (xyz 0 0 0))
    )
  )

  (module Capacitor_SMD:C_0603_1608Metric (layer F.Cu) (tedit 5B301BBE) (tstamp 5F53EEAB)
    (at 81.026 87.503 90)
    (descr "Capacitor SMD 0603 (1608 Metric), square (rectangular) end terminal, IPC_7351 nominal, (Body size source: http://www.tortai-tech.com/upload/download/2011102023233369053.pdf), generated with kicad-footprint-generator")
    (tags capacitor)
    (path /5F9DC0D0)
    (attr smd)
    (fp_text reference C8 (at 0 -1.43 90) (layer F.SilkS)
      (effects (font (size 1 1) (thickness 0.15)))
    )
    (fp_text value 4.7uF (at 0 1.43 90) (layer F.Fab)
      (effects (font (size 1 1) (thickness 0.15)))
    )
    (fp_line (start -0.8 0.4) (end -0.8 -0.4) (layer F.Fab) (width 0.1))
    (fp_line (start -0.8 -0.4) (end 0.8 -0.4) (layer F.Fab) (width 0.1))
    (fp_line (start 0.8 -0.4) (end 0.8 0.4) (layer F.Fab) (width 0.1))
    (fp_line (start 0.8 0.4) (end -0.8 0.4) (layer F.Fab) (width 0.1))
    (fp_line (start -0.162779 -0.51) (end 0.162779 -0.51) (layer F.SilkS) (width 0.12))
    (fp_line (start -0.162779 0.51) (end 0.162779 0.51) (layer F.SilkS) (width 0.12))
    (fp_line (start -1.48 0.73) (end -1.48 -0.73) (layer F.CrtYd) (width 0.05))
    (fp_line (start -1.48 -0.73) (end 1.48 -0.73) (layer F.CrtYd) (width 0.05))
    (fp_line (start 1.48 -0.73) (end 1.48 0.73) (layer F.CrtYd) (width 0.05))
    (fp_line (start 1.48 0.73) (end -1.48 0.73) (layer F.CrtYd) (width 0.05))
    (fp_text user %R (at 0 0 90) (layer F.Fab)
      (effects (font (size 0.4 0.4) (thickness 0.06)))
    )
    (pad 1 smd roundrect (at -0.7875 0 90) (size 0.875 0.95) (layers F.Cu F.Paste F.Mask) (roundrect_rratio 0.25)
      (net 6 GND))
    (pad 2 smd roundrect (at 0.7875 0 90) (size 0.875 0.95) (layers F.Cu F.Paste F.Mask) (roundrect_rratio 0.25)
      (net 10 +3V3))
    (model ${KISYS3DMOD}/Capacitor_SMD.3dshapes/C_0603_1608Metric.wrl
      (at (xyz 0 0 0))
      (scale (xyz 1 1 1))
      (rotate (xyz 0 0 0))
    )
  )

  (module Capacitor_SMD:C_0603_1608Metric (layer B.Cu) (tedit 5B301BBE) (tstamp 5F53EEBC)
    (at 84.455 76.2 90)
    (descr "Capacitor SMD 0603 (1608 Metric), square (rectangular) end terminal, IPC_7351 nominal, (Body size source: http://www.tortai-tech.com/upload/download/2011102023233369053.pdf), generated with kicad-footprint-generator")
    (tags capacitor)
    (path /5FD92CFD)
    (attr smd)
    (fp_text reference C9 (at 0 1.43 270) (layer B.SilkS)
      (effects (font (size 1 1) (thickness 0.15)) (justify mirror))
    )
    (fp_text value 10uF (at 0 -1.43 270) (layer B.Fab)
      (effects (font (size 1 1) (thickness 0.15)) (justify mirror))
    )
    (fp_line (start -0.8 -0.4) (end -0.8 0.4) (layer B.Fab) (width 0.1))
    (fp_line (start -0.8 0.4) (end 0.8 0.4) (layer B.Fab) (width 0.1))
    (fp_line (start 0.8 0.4) (end 0.8 -0.4) (layer B.Fab) (width 0.1))
    (fp_line (start 0.8 -0.4) (end -0.8 -0.4) (layer B.Fab) (width 0.1))
    (fp_line (start -0.162779 0.51) (end 0.162779 0.51) (layer B.SilkS) (width 0.12))
    (fp_line (start -0.162779 -0.51) (end 0.162779 -0.51) (layer B.SilkS) (width 0.12))
    (fp_line (start -1.48 -0.73) (end -1.48 0.73) (layer B.CrtYd) (width 0.05))
    (fp_line (start -1.48 0.73) (end 1.48 0.73) (layer B.CrtYd) (width 0.05))
    (fp_line (start 1.48 0.73) (end 1.48 -0.73) (layer B.CrtYd) (width 0.05))
    (fp_line (start 1.48 -0.73) (end -1.48 -0.73) (layer B.CrtYd) (width 0.05))
    (fp_text user %R (at 0 0 270) (layer B.Fab)
      (effects (font (size 0.4 0.4) (thickness 0.06)) (justify mirror))
    )
    (pad 1 smd roundrect (at -0.7875 0 90) (size 0.875 0.95) (layers B.Cu B.Paste B.Mask) (roundrect_rratio 0.25)
      (net 5 VCC))
    (pad 2 smd roundrect (at 0.7875 0 90) (size 0.875 0.95) (layers B.Cu B.Paste B.Mask) (roundrect_rratio 0.25)
      (net 6 GND))
    (model ${KISYS3DMOD}/Capacitor_SMD.3dshapes/C_0603_1608Metric.wrl
      (at (xyz 0 0 0))
      (scale (xyz 1 1 1))
      (rotate (xyz 0 0 0))
    )
  )

  (module Capacitor_SMD:C_0603_1608Metric (layer B.Cu) (tedit 5B301BBE) (tstamp 5F53EECD)
    (at 73.5075 79.375 180)
    (descr "Capacitor SMD 0603 (1608 Metric), square (rectangular) end terminal, IPC_7351 nominal, (Body size source: http://www.tortai-tech.com/upload/download/2011102023233369053.pdf), generated with kicad-footprint-generator")
    (tags capacitor)
    (path /5FD93EB8)
    (attr smd)
    (fp_text reference C10 (at 0 1.43 180) (layer B.SilkS)
      (effects (font (size 1 1) (thickness 0.15)) (justify mirror))
    )
    (fp_text value 10uF (at 0 -1.43 180) (layer B.Fab)
      (effects (font (size 1 1) (thickness 0.15)) (justify mirror))
    )
    (fp_text user %R (at 0 0 180) (layer B.Fab)
      (effects (font (size 0.4 0.4) (thickness 0.06)) (justify mirror))
    )
    (fp_line (start 1.48 -0.73) (end -1.48 -0.73) (layer B.CrtYd) (width 0.05))
    (fp_line (start 1.48 0.73) (end 1.48 -0.73) (layer B.CrtYd) (width 0.05))
    (fp_line (start -1.48 0.73) (end 1.48 0.73) (layer B.CrtYd) (width 0.05))
    (fp_line (start -1.48 -0.73) (end -1.48 0.73) (layer B.CrtYd) (width 0.05))
    (fp_line (start -0.162779 -0.51) (end 0.162779 -0.51) (layer B.SilkS) (width 0.12))
    (fp_line (start -0.162779 0.51) (end 0.162779 0.51) (layer B.SilkS) (width 0.12))
    (fp_line (start 0.8 -0.4) (end -0.8 -0.4) (layer B.Fab) (width 0.1))
    (fp_line (start 0.8 0.4) (end 0.8 -0.4) (layer B.Fab) (width 0.1))
    (fp_line (start -0.8 0.4) (end 0.8 0.4) (layer B.Fab) (width 0.1))
    (fp_line (start -0.8 -0.4) (end -0.8 0.4) (layer B.Fab) (width 0.1))
    (pad 2 smd roundrect (at 0.7875 0 180) (size 0.875 0.95) (layers B.Cu B.Paste B.Mask) (roundrect_rratio 0.25)
      (net 6 GND))
    (pad 1 smd roundrect (at -0.7875 0 180) (size 0.875 0.95) (layers B.Cu B.Paste B.Mask) (roundrect_rratio 0.25)
      (net 10 +3V3))
    (model ${KISYS3DMOD}/Capacitor_SMD.3dshapes/C_0603_1608Metric.wrl
      (at (xyz 0 0 0))
      (scale (xyz 1 1 1))
      (rotate (xyz 0 0 0))
    )
  )

  (module Package_TO_SOT_SMD:SOT-323_SC-70 (layer B.Cu) (tedit 5A02FF57) (tstamp 5F53EEE2)
    (at 81.534 76.057 90)
    (descr "SOT-323, SC-70")
    (tags "SOT-323 SC-70")
    (path /5F533151)
    (attr smd)
    (fp_text reference D1 (at -0.05 1.95 90) (layer B.SilkS)
      (effects (font (size 1 1) (thickness 0.15)) (justify mirror))
    )
    (fp_text value BAT54W (at -0.05 -2.05 90) (layer B.Fab)
      (effects (font (size 1 1) (thickness 0.15)) (justify mirror))
    )
    (fp_text user %R (at 0 0 180) (layer B.Fab)
      (effects (font (size 0.5 0.5) (thickness 0.075)) (justify mirror))
    )
    (fp_line (start 0.73 -0.5) (end 0.73 -1.16) (layer B.SilkS) (width 0.12))
    (fp_line (start 0.73 1.16) (end 0.73 0.5) (layer B.SilkS) (width 0.12))
    (fp_line (start 1.7 -1.3) (end -1.7 -1.3) (layer B.CrtYd) (width 0.05))
    (fp_line (start 1.7 1.3) (end 1.7 -1.3) (layer B.CrtYd) (width 0.05))
    (fp_line (start -1.7 1.3) (end 1.7 1.3) (layer B.CrtYd) (width 0.05))
    (fp_line (start -1.7 -1.3) (end -1.7 1.3) (layer B.CrtYd) (width 0.05))
    (fp_line (start 0.73 1.16) (end -1.3 1.16) (layer B.SilkS) (width 0.12))
    (fp_line (start -0.68 -1.16) (end 0.73 -1.16) (layer B.SilkS) (width 0.12))
    (fp_line (start 0.67 1.1) (end -0.18 1.1) (layer B.Fab) (width 0.1))
    (fp_line (start -0.68 0.6) (end -0.68 -1.1) (layer B.Fab) (width 0.1))
    (fp_line (start 0.67 1.1) (end 0.67 -1.1) (layer B.Fab) (width 0.1))
    (fp_line (start 0.67 -1.1) (end -0.68 -1.1) (layer B.Fab) (width 0.1))
    (fp_line (start -0.18 1.1) (end -0.68 0.6) (layer B.Fab) (width 0.1))
    (pad 1 smd rect (at -1 0.65 180) (size 0.45 0.7) (layers B.Cu B.Paste B.Mask)
      (net 5 VCC))
    (pad 2 smd rect (at -1 -0.65 180) (size 0.45 0.7) (layers B.Cu B.Paste B.Mask))
    (pad 3 smd rect (at 1 0 180) (size 0.45 0.7) (layers B.Cu B.Paste B.Mask)
      (net 2 VB1))
    (model ${KISYS3DMOD}/Package_TO_SOT_SMD.3dshapes/SOT-323_SC-70.wrl
      (at (xyz 0 0 0))
      (scale (xyz 1 1 1))
      (rotate (xyz 0 0 0))
    )
  )

  (module Package_TO_SOT_SMD:SOT-323_SC-70 (layer B.Cu) (tedit 5A02FF57) (tstamp 5F53EEF7)
    (at 78.359 75.962 90)
    (descr "SOT-323, SC-70")
    (tags "SOT-323 SC-70")
    (path /5F681A12)
    (attr smd)
    (fp_text reference D2 (at -0.05 1.95 90) (layer B.SilkS)
      (effects (font (size 1 1) (thickness 0.15)) (justify mirror))
    )
    (fp_text value BAT54W (at -0.05 -2.05 90) (layer B.Fab)
      (effects (font (size 1 1) (thickness 0.15)) (justify mirror))
    )
    (fp_text user %R (at 0 0 180) (layer B.Fab)
      (effects (font (size 0.5 0.5) (thickness 0.075)) (justify mirror))
    )
    (fp_line (start 0.73 -0.5) (end 0.73 -1.16) (layer B.SilkS) (width 0.12))
    (fp_line (start 0.73 1.16) (end 0.73 0.5) (layer B.SilkS) (width 0.12))
    (fp_line (start 1.7 -1.3) (end -1.7 -1.3) (layer B.CrtYd) (width 0.05))
    (fp_line (start 1.7 1.3) (end 1.7 -1.3) (layer B.CrtYd) (width 0.05))
    (fp_line (start -1.7 1.3) (end 1.7 1.3) (layer B.CrtYd) (width 0.05))
    (fp_line (start -1.7 -1.3) (end -1.7 1.3) (layer B.CrtYd) (width 0.05))
    (fp_line (start 0.73 1.16) (end -1.3 1.16) (layer B.SilkS) (width 0.12))
    (fp_line (start -0.68 -1.16) (end 0.73 -1.16) (layer B.SilkS) (width 0.12))
    (fp_line (start 0.67 1.1) (end -0.18 1.1) (layer B.Fab) (width 0.1))
    (fp_line (start -0.68 0.6) (end -0.68 -1.1) (layer B.Fab) (width 0.1))
    (fp_line (start 0.67 1.1) (end 0.67 -1.1) (layer B.Fab) (width 0.1))
    (fp_line (start 0.67 -1.1) (end -0.68 -1.1) (layer B.Fab) (width 0.1))
    (fp_line (start -0.18 1.1) (end -0.68 0.6) (layer B.Fab) (width 0.1))
    (pad 1 smd rect (at -1 0.65 180) (size 0.45 0.7) (layers B.Cu B.Paste B.Mask)
      (net 5 VCC))
    (pad 2 smd rect (at -1 -0.65 180) (size 0.45 0.7) (layers B.Cu B.Paste B.Mask))
    (pad 3 smd rect (at 1 0 180) (size 0.45 0.7) (layers B.Cu B.Paste B.Mask)
      (net 3 VB2))
    (model ${KISYS3DMOD}/Package_TO_SOT_SMD.3dshapes/SOT-323_SC-70.wrl
      (at (xyz 0 0 0))
      (scale (xyz 1 1 1))
      (rotate (xyz 0 0 0))
    )
  )

  (module Package_TO_SOT_SMD:SOT-323_SC-70 (layer B.Cu) (tedit 5A02FF57) (tstamp 5F53EF0C)
    (at 75.169 75.962 90)
    (descr "SOT-323, SC-70")
    (tags "SOT-323 SC-70")
    (path /5F688213)
    (attr smd)
    (fp_text reference D3 (at -0.05 1.95 90) (layer B.SilkS)
      (effects (font (size 1 1) (thickness 0.15)) (justify mirror))
    )
    (fp_text value BAT54W (at -0.05 -2.05 90) (layer B.Fab)
      (effects (font (size 1 1) (thickness 0.15)) (justify mirror))
    )
    (fp_line (start -0.18 1.1) (end -0.68 0.6) (layer B.Fab) (width 0.1))
